[q.jpg]
filters=retouch=1;
moddate=5053ecf8ac3ed301
width=500
height=212
textactive=0
[q.1.jpg]
filters=retouch=1;
moddate=e7e314a9ad3ed301
width=500
height=212
text=1;134;13;C A R I G A R;Arial;0.550059,0.046570,0.100000,0.367121;v1,4282880983,4291642924,128.000000,1.000000,0.000000,1.000000,700,0,49152;;
textactive=1
